10.1939	0	0	0	0.196718	180.246841	0.402560	0.158372	0.103512	0.437206	166.000000	5.038651	4.996872	4.944287	2.105514	0
10.1961	0	0	0	0.187577	358.641100	0.213108	0.274248	0.169371	0.255556	143.000000	4.615633	4.445334	3.854887	1.359231	0
1075.1983	0	0	0	0.504808	179.995500	0.510879	0.081976	0.063462	0.532451	192.000000	4.747755	4.726838	4.774044	1.852204	0
1203.1979	0	1	0	0.290809	0.826089	0.440611	0.205774	0.147835	0.488394	222.000000	5.152681	5.039326	4.789512	2.550549	0
100.1962	0	0	0	0.203828	358.865082	0.209036	0.346557	0.222065	0.255065	163.000000	4.466089	4.129354	3.897009	1.375227	0
1204.1979	0	0	0	0.499549	0.454044	0.479811	0.529347	0.395276	0.655552	127.000000	4.278194	4.630992	4.576652	2.014073	0
121.2019	0	0	0	0.310043	180.144547	0.478177	0.185651	0.195918	0.526063	242.000000	4.721814	4.607433	4.647841	2.279671	0
1211.1979	0	1	1	0.250963	179.429764	0.237690	0.467640	0.345547	0.306965	231.000000	4.682561	4.533062	4.281943	1.766215	0
141.1951	0	1	0	0.446312	0.965120	0.543166	0.479136	0.432857	0.712300	168.000000	5.115034	5.185810	5.180132	3.481707	0
142.2019	0	0	0	0.207238	1.080879	0.302799	0.617423	0.478043	0.432554	215.000000	4.954555	4.457411	4.421994	2.013499	0
144.1951	0	0	0	0.227008	178.789429	0.366452	0.194008	0.117396	0.407363	145.000000	4.505753	4.490051	4.365127	1.674164	0
144.1977	0	1	0	0.118164	180.964279	0.873029	0.051097	0.212026	0.896498	87.000000	3.495725	3.399630	3.418441	1.483827	0
1214.1979	0	1	1	0.194993	0.649552	0.230572	0.398926	0.272820	0.302508	147.000000	4.647428	4.408309	3.883837	1.521225	0
1218.1979	0	0	0	0.384445	359.856750	0.227862	0.183991	0.105825	0.253141	149.000000	4.356447	4.315677	3.956778	0.922430	0
1219.1979	0	1	1	0.075066	180.013600	0.410570	0.377884	0.285092	0.492049	223.000000	5.184914	5.144773	5.077899	2.239829	0
15.1953	0	1	0	0.133197	178.445633	0.402016	0.321452	0.214752	0.482282	164.000000	5.042156	4.897449	4.765724	2.271397	0
15.1957	0	1	0	0.138489	0.814199	0.608613	0.312599	0.307776	0.704076	212.000000	4.776372	4.778583	4.777795	2.496110	0
1224.1979	0	0	0	0.277576	179.712784	0.646421	0.129719	0.111217	0.686663	206.000000	4.517282	4.535170	4.505683	1.985747	0
15.2000	0	0	0	0.127898	178.433945	0.506503	0.685746	0.633269	0.791237	116.000000	4.755111	5.034103	4.853987	2.696203	0
1516.1968	0	1	0	0.259901	179.065720	0.548578	0.251669	0.247147	0.624969	49.000000	5.325332	5.274767	5.356278	3.332896	0
155.1986	0	0	0	0.411811	1.495907	0.279088	0.174214	0.102964	0.309951	172.000000	4.609073	4.425272	4.202547	1.299727	0
1228.1979	0	0	0	0.275790	178.964800	0.505711	0.096109	0.057911	0.527581	183.000000	4.705471	4.704169	4.832118	1.891594	0
123.2019	0	0	0	0.357415	359.314484	0.492116	0.370495	0.371652	0.566772	252.000000	4.918951	5.135159	5.253474	2.947321	0
1002.1983	0	0	0	0.186855	181.256790	0.437673	0.197275	0.184765	0.493122	233.000000	4.219748	3.996525	4.005714	2.023228	0
1233.1964	0	0	0	0.395850	1.149691	0.336437	0.137398	0.085283	0.362907	184.000000	4.830871	4.715700	4.769266	1.640416	0
1235.1979	0	1	0	0.170443	180.111343	0.564002	0.295010	0.282149	0.671532	184.000000	5.017366	4.804113	4.769939	2.444632	0
1004.1983	0	0	0	0.172302	358.526825	0.686855	0.200612	0.250401	0.764040	194.000000	3.663331	3.807282	3.908647	1.534410	0
1005.2015	0	0	0	0.381089	180.258881	0.522028	0.139045	0.113226	0.560131	198.000000	4.609912	4.595422	4.853545	2.014238	0
1006.1983	0	0	0	0.368752	178.534439	0.405908	0.415738	0.365360	0.503999	233.000000	4.631493	4.631701	4.721268	2.432890	0
1240.1979	0	0	0	0.119838	180.768692	0.664000	0.168869	0.191285	0.726135	119.000000	4.115772	4.171544	4.008155	1.652784	0
1241.1964	0	0	0	0.193326	178.702011	0.418464	0.350529	0.317537	0.507018	236.000000	4.972469	4.988507	4.794651	2.273311	0
16.1957	0	0	0	0.215165	179.196869	0.382883	0.155184	0.103947	0.415104	184.000000	4.998707	4.933683	4.887760	1.938725	0
162.2007	0	0	0	0.127559	181.265579	0.791136	0.052279	0.225992	0.808986	42.000000	4.076954	4.166249	4.214379	2.510402	0
163.1996	0	1	0	0.135853	180.724075	0.624365	0.087052	0.072746	0.650465	224.000000	4.878516	4.924482	4.965716	2.310556	0
101.1958	0	0	0	0.159563	359.368622	0.371291	0.285545	0.184323	0.429903	234.000000	5.159496	5.135849	4.990946	2.165469	0
164.1955	0	1	1	0.345665	358.820770	0.540757	0.476403	0.411147	0.701403	235.000000	4.217512	4.452628	4.395191	2.232061	0
164.2007	0	0	0	0.574428	358.979000	0.613278	0.123933	0.137895	0.640904	193.000000	4.947363	4.915004	4.896180	2.211097	0
1647.1940	0	0	0	0.154044	359.624969	0.855962	0.035943	0.110281	0.875044	82.000000	3.389369	3.425050	3.602119	1.584399	0
1657.1940	0	1	0	0.164443	179.225937	0.223184	0.260500	0.163002	0.261742	182.000000	4.721894	4.651966	4.327042	1.526416	0
1243.1979	0	1	1	0.152721	1.169081	0.592510	0.099825	0.078821	0.623979	97.000000	4.063837	4.019501	3.957636	1.476933	0
101.1961	0	0	0	0.399386	0.144006	0.169757	0.319976	0.209717	0.215557	184.000000	4.445927	4.055975	3.469159	1.306753	0
101.1976	0	0	0	0.421899	179.068329	0.383672	0.291048	0.219223	0.431736	227.000000	5.148607	5.141665	5.175400	2.286149	0
1251.1979	0	0	0	0.185341	0.123075	0.361172	0.152423	0.087155	0.393047	181.000000	4.587824	4.493306	4.357971	1.475686	0
101.2002	0	1	1	0.119294	179.771988	0.687077	0.111868	0.204250	0.721490	125.000000	3.874264	3.934274	4.157441	2.278132	0
1079.1983	0	0	0	0.187238	0.591612	0.848229	0.034407	0.100495	0.867496	33.000000	3.012342	2.796981	3.115025	0.887066	0
1016.1983	0	0	0	0.218765	179.050323	0.691651	0.168345	0.201402	0.752055	201.000000	4.126052	4.118563	4.257823	2.179631	0
1252.1979	0	1	1	0.159054	1.331866	0.470676	0.271940	0.235480	0.541990	207.000000	5.190773	5.147178	4.971847	2.206812	0
167.2007.a-b	0	0	0	0.311436	0.861254	0.347607	0.459549	0.370710	0.466875	227.000000	5.234508	4.955015	4.901067	2.650384	0
17.1936	0	1	1	0.446463	0.381191	0.492627	0.422355	0.464012	0.615699	119.000000	4.705627	4.907387	5.026751	2.636374	0
17.1944	0	0	0	0.258858	180.159363	0.272341	0.194515	0.123852	0.301915	198.000000	4.981529	4.931754	4.832327	1.796694	0
17.1957	0	0	0	0.413228	0.679068	0.258487	0.505881	0.367628	0.363531	152.000000	4.260870	4.184692	3.677526	1.414178	0
172.1953	0	0	0	0.179655	0.834115	0.637546	0.144832	0.172245	0.683387	230.000000	4.852611	4.861901	4.986032	2.552851	0
1253.1999	0	0	0	0.635897	0.599582	0.221037	0.351984	0.243758	0.276200	197.000000	4.439679	4.065542	4.195174	1.834091	0
103.1958	0	1	1	0.216876	359.987640	0.471826	0.228837	0.163341	0.532359	185.000000	5.130582	5.093096	5.039826	2.513944	0
1254.1979	0	0	0	0.128965	359.846863	0.448347	0.602107	0.486087	0.646902	161.000000	4.794981	4.814545	4.769681	2.320124	0
1254.1999	0	0	0	0.258812	178.934143	0.482591	0.235900	0.168636	0.541300	253.000000	4.686471	4.558997	4.654134	1.957671	0
1032.1983	0	1	0	0.368176	358.457428	0.597361	0.482699	0.516055	0.788111	179.000000	4.522292	4.405107	4.676150	2.058389	0
128.1940	0	0	0	0.273947	178.444275	0.413726	0.284408	0.197519	0.488624	186.000000	4.956047	4.772486	4.640939	2.344381	0
128.1947	0	1	0	0.428349	178.781723	0.243878	0.368209	0.247262	0.311067	177.000000	4.408129	4.696982	4.604974	1.805987	0
1035.1983	0	0	0	0.136511	180.991241	0.581671	0.224869	0.249452	0.644791	228.000000	4.396706	4.287676	4.482620	1.889566	0
128.1958	0	0	0	0.349218	179.190933	0.179357	0.182077	0.103210	0.198498	87.000000	4.040192	4.053135	3.950397	0.737399	0
108.2002	0	1	0	0.650913	0.790026	0.305685	0.251701	0.144675	0.350129	67.000000	3.160457	3.377779	3.806104	0.361158	0
128.1985.a-d	0	0	0	0.208567	178.649628	0.492037	0.246641	0.216597	0.540496	169.000000	5.414912	5.387363	5.363184	2.773302	0
128.1995	0	1	1	0.443054	179.972931	0.567355	0.036167	0.049956	0.574880	228.000000	3.956705	3.926464	3.884884	1.575659	0
129.1946	0	0	0	0.087709	179.633636	0.410647	0.657144	0.534287	0.640098	209.000000	4.980237	4.869949	4.207621	2.235700	0
1083.1983	0	0	0	0.115859	358.644531	0.459773	0.345237	0.254887	0.559937	189.000000	4.167718	4.163199	4.366484	1.608830	0
174.1945	0	1	0	0.124555	179.831635	0.326789	0.372375	0.251961	0.410338	191.000000	5.146534	5.041943	4.710070	2.103327	0
175.1946	0	1	0	0.134068	179.096558	0.437908	0.308662	0.202857	0.519647	205.000000	4.768318	4.844195	4.772569	2.230170	0
13.1950	0	0	0	0.238586	359.879059	0.293197	0.533414	0.406659	0.407252	203.000000	5.002642	4.699417	4.328780	2.071410	0
104.2002	0	1	1	0.150260	359.561340	0.406035	0.477703	0.360184	0.543119	229.000000	5.086745	4.599886	4.219768	2.267669	0
1043.2010	0	0	0	0.275089	179.779572	0.796532	0.052198	0.109256	0.814145	153.000000	4.665134	4.684343	4.717196	2.686922	0
1084.1969	0	0	0	0.501759	0.366181	0.558521	0.258168	0.236079	0.629855	125.000000	5.273512	5.213165	5.269774	3.121763	0
1044.2010	0	0	0	0.700020	359.535126	0.519607	0.180918	0.158962	0.565463	235.000000	4.851793	4.685862	4.652956	2.033528	0
1084.1983	0	0	0	0.371108	359.198151	0.614039	0.169336	0.159761	0.662728	236.000000	4.342365	4.252917	4.387410	2.166001	0
1311.1968	0	0	0	0.253529	359.806274	0.492782	0.207234	0.158383	0.554396	188.000000	5.065588	5.011796	4.869804	2.472517	0
1052.1983	0	0	0	0.573982	1.334092	0.280166	0.746666	0.626680	0.450838	190.000000	3.808426	3.929449	4.284855	1.199476	0
1782.2012	0	1	0	0.146428	179.719681	0.575063	0.112777	0.087814	0.602376	140.000000	5.299241	5.328586	5.369067	2.705501	0
1326.2000	0	1	0	0.157819	0.588526	0.690141	0.123120	0.224578	0.734227	225.000000	3.314890	3.510959	3.745626	1.358696	0
179.1952	0	1	1	0.213196	0.186184	0.444216	0.288410	0.246210	0.519200	219.000000	4.946280	5.011920	5.096277	2.510611	0
133.1942	0	0	0	0.244094	178.596939	0.275949	0.247686	0.165669	0.319912	209.000000	4.935221	4.823654	4.640263	1.954383	0
134.1985.a-b	0	1	0	0.170722	180.223068	0.891840	0.034948	0.162405	0.908708	83.000000	2.139631	2.195531	2.497255	0.881818	0
1342.2016	0	1	0	0.617165	178.539139	0.738040	0.048035	0.147262	0.751409	63.000000	4.342516	4.393206	4.392112	2.345740	0
1346.2016.a-vvvv	0	0	0	0.407066	0.818298	0.493145	0.592928	0.557394	0.698698	96.000000	5.065294	4.629907	4.526474	2.799688	0
135.1946	0	0	0	0.209597	180.227280	0.731649	0.100429	0.133535	0.769052	221.000000	4.135387	4.145654	4.275567	2.025184	0
106.1958	0	1	1	0.084687	180.328720	0.753567	0.155464	0.248324	0.815597	108.000000	3.962517	4.428943	4.527090	1.867066	0
1064.1983	0	0	0	0.284448	178.510330	0.414577	0.194764	0.138182	0.469564	206.000000	5.060242	4.909365	4.954648	2.499133	0
137.1957	0	1	0	0.449831	179.135315	0.355836	0.229367	0.138771	0.406903	176.000000	4.562665	4.600794	4.782638	1.733129	0
1066.2014	0	0	0	0.513499	359.409973	0.512092	0.404198	0.430695	0.609578	36.000000	5.295843	5.366770	5.362033	3.174538	0
138.1985	0	0	0	0.241555	180.039000	0.703712	0.183945	0.215603	0.766756	110.000000	4.613763	4.569047	4.622078	2.743408	0
1069.1983	0	0	0	0.221987	359.350300	0.693197	0.087698	0.085694	0.721890	170.000000	4.453000	4.509542	4.662319	2.186393	0
110.1960	0	0	0	0.232289	0.577360	0.541420	0.309689	0.254499	0.627259	179.000000	4.891671	4.892186	5.084557	2.584041	0
107.1966	0	0	0	0.143155	180.315979	0.193334	0.088102	0.054995	0.208568	151.000000	3.868585	3.796811	3.757858	1.206885	0
14.1936	0	0	0	0.163791	358.452100	0.290808	0.418756	0.278078	0.369216	145.000000	4.639246	4.535041	4.361808	1.568925	0
107.1982	0	1	0	0.208399	178.471710	0.726857	0.262271	0.363411	0.834828	81.000000	4.595769	4.679406	5.209706	3.272509	0
1102.1969	0	1	1	0.338749	179.196609	0.477901	0.074104	0.049722	0.498738	207.000000	5.130116	5.101588	5.066182	2.131112	0
14.1950	0	1	1	0.265057	0.877248	0.564480	0.188297	0.162293	0.619877	225.000000	5.137519	4.955053	4.968782	2.701033	0
111.1973	0	1	0	0.115682	178.597214	0.431723	0.443607	0.302914	0.555409	119.000000	4.719230	4.685147	4.382249	1.894939	0
1115.2011	0	0	0	0.337672	180.448685	0.443207	0.107252	0.090017	0.465870	241.000000	5.182938	5.219912	5.280833	2.382050	0
1070.1983	0	0	0	0.104126	178.525513	0.547939	0.519525	0.516283	0.737055	174.000000	4.690558	4.932579	4.939698	2.187199	0
213.2006.6	0	1	1	0.174053	180.073654	0.254547	0.293106	0.191129	0.300848	174.000000	4.936236	4.827867	4.703757	1.920806	0
214.2006	0	1	0	0.145763	1.509137	0.294777	0.210816	0.118602	0.329815	49.000000	2.810445	2.718059	2.790708	0.344183	0
215.1982	0	1	0	0.160952	179.498600	0.631427	0.318303	0.290581	0.734433	161.000000	4.614087	4.550102	4.649168	2.397953	0
1115.2011	0	0	0	0.337672	180.448685	0.443207	0.107252	0.090017	0.465870	241.000000	5.182938	5.219912	5.280833	2.382050	0
215.2000	0	1	0	0.531603	0.274071	0.493914	0.309977	0.280236	0.579788	191.000000	5.360975	5.296650	5.338463	3.078622	0
216.1977	0	1	0	0.144058	179.974014	0.746016	0.136066	0.203431	0.796287	98.000000	4.448285	4.484435	4.524350	2.309121	0
217.2000	0	1	1	0.217768	0.511201	0.443487	0.340862	0.225210	0.530731	119.000000	4.288842	4.427376	4.460292	2.079745	0
218.2000	0	1	1	0.199118	178.463745	0.427745	0.362326	0.234305	0.519791	153.000000	4.276075	4.205583	4.408069	1.572302	0
219.2000	0	1	1	0.213261	179.598700	0.440360	0.224168	0.139858	0.494668	119.000000	4.641479	4.700797	4.698842	2.084009	0
248.1940	0	0	0	0.371743	181.523270	0.196872	0.196770	0.129501	0.222937	214.000000	4.442786	4.269939	3.986118	1.354614	0
222.1947	0	0	0	0.367389	0.822311	0.500776	0.245278	0.185158	0.570982	209.000000	5.104044	5.075325	5.003936	2.801361	0
223.1947	0	1	0	0.078919	0.229439	0.322287	0.158296	0.088789	0.350977	74.000000	4.170113	3.954303	3.931036	1.290128	0
113.1975	0	0	0	0.502015	180.190079	0.469707	0.218906	0.167066	0.524751	198.000000	5.208829	5.158432	5.207961	2.786278	0
223.2000	0	1	1	0.228536	178.612930	0.590455	0.183687	0.153095	0.651079	91.000000	4.414074	4.335734	4.338424	2.066641	0
186.1952	0	1	1	0.353314	179.230118	0.317521	0.159419	0.097794	0.340249	196.000000	5.133884	5.151325	5.120250	1.916245	0
188.1952	0	0	0	0.216057	180.473709	0.385106	0.262288	0.162273	0.442663	170.000000	4.847352	4.679684	4.609818	1.832834	0
188.1956	0	0	0	0.352394	1.441372	0.170693	0.339327	0.236036	0.221510	162.000000	4.484606	4.080061	3.573059	1.529935	0
189.1953	0	0	0	0.482876	1.246152	0.507843	0.330489	0.295289	0.606417	227.000000	5.198979	5.109407	5.055746	2.723471	0
189.1955	0	0	0	0.377851	1.177451	0.271809	0.290566	0.175736	0.322591	133.000000	4.484764	4.110183	4.054402	1.248922	0
19.1940	0	0	0	0.439050	1.108792	0.405815	0.400330	0.321800	0.499103	211.000000	5.274180	5.202117	5.090056	2.629518	0
224.2011	0	0	0	0.099636	359.116516	0.490156	0.963185	0.961476	0.953722	6.000000	2.944166	3.292263	2.976941	0.907944	0
25.1940	0	0	0	0.087878	179.420517	0.261628	0.367528	0.242884	0.334855	139.000000	4.486312	4.325225	3.871292	1.577249	0
25.1955	0	1	0	0.137590	0.964410	0.467254	0.241855	0.173590	0.527606	196.000000	5.147130	5.134957	5.086439	2.286933	0
1134.1964	0	0	0	0.316598	0.012586	0.272257	0.303400	0.254249	0.363769	223.000000	3.590528	2.913801	3.395005	1.529069	0
114.1936	0	0	0	0.128012	0.928261	0.208579	0.065199	0.036231	0.217691	143.000000	4.157931	4.145539	4.089613	0.888167	0
2518.1967	0	0	0	0.455261	359.374939	0.252111	0.384363	0.282137	0.326147	216.000000	5.145620	4.887298	4.673990	2.149729	0
114.1961	0	1	1	0.148984	1.240361	0.361395	0.241704	0.163413	0.397984	227.000000	4.982600	4.936363	4.921617	1.925576	0
1147.2008	0	0	0	0.071239	1.260404	0.219089	0.005632	0.003032	0.220284	225.000000	3.059523	3.059523	3.107425	1.105748	0
253.1956	0	0	0	0.303837	180.252625	0.350782	0.347438	0.256472	0.445951	215.000000	5.145046	4.706919	4.488176	2.365715	0
226.1962	0	0	0	0.326510	180.476500	0.265168	0.301764	0.211602	0.325564	205.000000	4.947665	4.634462	4.464358	1.733146	0
228.1968	0	1	0	0.128719	179.533585	0.581791	0.397089	0.373287	0.727594	131.000000	4.564268	4.640067	4.872041	2.168289	0
255.1956	0	0	0	0.164388	179.562347	0.319972	0.276768	0.177481	0.377402	133.000000	4.728592	4.706547	4.254194	1.540040	0
229.1937	0	1	1	0.253306	0.742416	0.273380	0.356654	0.234405	0.342982	185.000000	4.732479	4.563286	3.970407	1.697772	0
1149.2001	0	1	1	0.458374	358.879300	0.377553	0.512948	0.368929	0.522663	221.000000	4.334041	4.840813	4.760095	1.789772	0
1149.2008	0	0	0	0.097998	179.244156	0.342349	0.403117	0.268901	0.427206	234.000000	4.758116	4.365802	3.967166	1.590272	0
255.2014.1-20	0	0	0	0.175967	180.550888	0.784317	0.064400	0.106792	0.806647	173.000000	4.010283	4.077232	4.098807	1.988644	0
230.1991	0	1	0	0.458977	0.022123	0.274715	0.253658	0.160421	0.314296	197.000000	4.886962	4.726347	4.782311	1.809804	0
115.1962	0	1	1	0.326300	359.955627	0.446529	0.211142	0.142406	0.499283	207.000000	5.001572	4.931080	4.913267	2.394789	0
231.2000	0	1	1	0.119445	180.308914	0.497587	0.233745	0.149117	0.563858	106.000000	4.269156	4.043802	3.955981	1.155620	0
2310.1967	0	0	0	0.115520	1.225934	0.603339	0.324364	0.362352	0.722039	193.000000	5.026867	4.969573	5.100745	2.412118	0
256.1983	0	1	0	0.114242	358.825600	0.276720	0.156486	0.088363	0.300494	187.000000	4.034884	3.957835	3.855959	0.869923	0
256.1988	0	1	0	0.566545	0.031833	0.226616	0.768794	0.633008	0.370163	211.000000	3.197508	3.451605	3.873411	0.646872	0
232.1991	0	1	1	0.185974	179.598465	0.433394	0.054495	0.031169	0.445189	187.000000	4.809912	4.802174	4.834754	1.811486	0
26.1940	0	0	0	0.279472	359.726929	0.301237	0.125610	0.070377	0.323264	105.000000	4.270000	4.265222	4.206795	1.093811	0
232.2000	0	1	1	0.097477	180.554840	0.483744	0.280815	0.195873	0.559669	150.000000	4.188422	4.437156	4.460723	1.269914	0
26.1989	0	0	0	0.366122	0.420741	0.544396	0.158577	0.123896	0.588907	201.000000	5.043550	5.074321	5.067760	2.635192	0
2324.2008	0	0	0	0.569426	1.333277	0.510934	0.031878	0.088579	0.518716	134.000000	4.669281	4.690631	4.752260	1.964067	0
116.1961	0	1	0	0.109454	179.790200	0.243330	0.577143	0.440088	0.355445	157.000000	4.806128	4.206807	3.917080	1.568650	0
234.2000	0	1	1	0.131351	179.960953	0.419139	0.262129	0.164107	0.478891	192.000000	4.650934	4.545374	4.351899	1.795937	0
262.1957	0	0	0	0.097939	180.316700	0.207182	0.646357	0.504040	0.300942	178.000000	5.058053	4.833140	4.330563	1.771782	0
262.1964	0	0	0	0.391980	0.577166	0.297711	0.410093	0.316711	0.375134	216.000000	3.739311	3.916324	4.285844	1.602880	0
1173.2001	0	0	0	0.045957	0.692666	0.797770	0.205760	0.452673	0.889373	21.000000	2.717688	3.316244	3.226270	1.181781	0
235.2000	0	1	1	0.145675	181.098984	0.308367	0.372802	0.252969	0.364184	207.000000	4.781634	4.786183	4.751126	2.079213	0
235.2015	0	0	0	0.372500	359.379900	0.162876	0.120771	0.068768	0.177717	150.000000	3.164956	3.244652	3.126859	0.942997	0
236.1969	0	0	0	0.159360	359.174652	0.556875	0.124261	0.156372	0.593635	235.000000	4.775195	4.778307	4.794182	1.935807	0
262.1972	0	1	1	0.107569	179.045914	0.388534	0.183708	0.103814	0.430490	93.000000	4.343649	4.208973	4.105182	1.424337	0
2414.1967	0	0	0	0.129028	1.020175	0.468679	0.369638	0.293673	0.585741	203.000000	5.188670	5.084390	4.873912	2.793109	0
243.2005.a-c	0	1	0	0.096793	1.487062	0.482258	0.399638	0.282007	0.601420	163.000000	4.691886	4.785947	4.625259	2.242797	0
263.1984	0	0	0	0.150777	1.075816	0.467755	0.368051	0.275693	0.568948	180.000000	4.872692	4.956432	4.989067	2.555474	0
244.1983	0	0	0	0.132218	180.388275	0.732083	0.063580	0.057630	0.738756	248.000000	2.926380	2.932588	3.135385	1.355461	0
247.1990	0	1	0	0.102218	1.013875	0.554996	0.549884	0.508422	0.766868	115.000000	4.356231	4.570629	4.437520	1.417731	0
266.1983	0	0	0	0.447374	359.872681	0.464558	0.091145	0.078814	0.485436	238.000000	5.258898	5.246965	5.245419	2.527749	0
267.1954	0	0	0	0.442827	180.169900	0.367488	0.354535	0.254785	0.438883	207.000000	5.230152	5.132852	5.249045	2.717071	0
267.1963	0	0	0	0.347891	180.017990	0.403910	0.493258	0.426590	0.516221	240.000000	4.691382	4.575042	4.615644	2.078703	0
268.1948	0	0	0	0.146355	181.082077	0.513937	0.438601	0.373280	0.665353	131.000000	4.929080	4.986063	4.999710	2.869433	0
27.1947	0	0	0	0.161543	179.998581	0.266326	0.135611	0.081583	0.291438	232.000000	4.689579	4.659269	4.405896	1.607290	0
27.1959	0	0	0	0.115924	181.222977	0.301129	0.107087	0.059883	0.323909	158.000000	2.571502	2.354951	2.383647	0.417506	0
270.1963	0	1	0	0.098278	180.791870	0.321857	0.550019	0.384061	0.445452	178.000000	4.764473	4.562657	4.058431	1.385327	0
271.1939	0	1	1	0.381763	179.113342	0.251152	0.343144	0.226381	0.308682	196.000000	4.536768	4.441186	4.635899	1.938185	0
271.1949	0	0	0	0.423461	0.386682	0.352368	0.132147	0.081756	0.377505	186.000000	5.087693	5.033766	4.995008	1.991387	0
191.1952	0	0	0	0.364101	179.302414	0.624429	0.267458	0.283548	0.713397	195.000000	4.988073	4.824165	4.890049	2.915012	0
247.2015	0	0	0	0.682947	0.492432	0.323655	0.509076	0.381506	0.427780	50.000000	5.016927	4.733349	4.703151	2.065759	0
274.1963	0	0	0	0.180956	1.215103	0.372898	0.592020	0.504615	0.527298	163.000000	4.986852	4.751412	5.003998	2.384035	0
2476.2001	0	0	0	0.504114	181.239441	0.597120	0.413087	0.466227	0.732429	91.000000	4.875955	4.740973	4.850013	2.690068	0
2744.2008	0	1	0	0.110939	179.538467	0.400189	0.291065	0.239452	0.476276	250.000000	4.748240	4.674516	4.517338	2.180094	0
275.1956	0	1	1	0.221497	180.867889	0.482455	0.510946	0.465248	0.660427	192.000000	4.936729	4.835805	5.087380	2.603313	0
277.1963	1	1	1	0.337897	0.598512	0.569805	0.378690	0.336644	0.708772	134.000000	4.951132	4.832326	5.226977	3.135345	0
28.1942.23	0	1	1	0.086932	181.368591	0.331761	0.303433	0.197454	0.389734	204.000000	4.232277	3.991383	3.989764	1.512446	0
28.1942.24	0	1	1	0.144669	179.608856	0.300923	0.116560	0.075937	0.328433	186.000000	4.423792	4.332043	4.343170	1.660444	0
28.1942.27	0	1	1	0.167207	179.553375	0.453798	0.263020	0.189841	0.523698	225.000000	5.072408	5.021774	4.749669	2.491777	0
28.1942.30	0	1	1	0.179291	179.376480	0.393576	0.241542	0.164098	0.451159	204.000000	5.023094	4.979892	4.891213	2.038837	0
1193.2013	0	0	0	0.379055	358.993300	0.743651	0.045782	0.044676	0.757656	183.000000	4.796979	4.799307	4.771153	2.341394	0
28.1942.5	0	1	1	0.330118	181.279200	0.457622	0.279975	0.180596	0.532066	171.000000	4.432295	4.173294	4.238126	1.999139	0
28.1942.7	0	1	1	0.096199	1.470028	0.469509	0.226759	0.174027	0.523998	223.000000	4.837792	4.727870	4.631677	2.108559	0
28.1942.9	0	1	1	0.154646	180.494217	0.385952	0.232790	0.152086	0.443160	174.000000	4.697975	4.696277	4.687857	1.788638	0
279.1983	0	1	1	0.153363	181.186615	0.265819	0.373383	0.246969	0.338116	145.000000	4.654947	4.156211	3.696657	1.489978	0
28.2004.2	0	1	1	0.750659	0.471707	0.546118	0.499314	0.428244	0.726128	82.000000	3.453980	3.001133	3.168921	0.907328	0
28.2004.3	0	1	1	0.496849	1.489249	0.653950	0.477132	0.613109	0.859182	60.000000	3.297459	3.166483	2.864885	1.134967	0
196.1989	1	0	0	0.285621	181.105469	0.325113	0.336160	0.211205	0.390490	146.000000	4.824032	4.650033	4.690246	1.783059	0
280.1949	0	1	1	0.508610	178.905212	0.327398	0.209237	0.128175	0.367803	143.000000	4.753257	4.681347	4.658349	1.556423	0
281.1994.a-d	0	1	0	0.224388	181.473831	0.523819	0.157803	0.193723	0.562474	226.000000	4.682656	4.769328	4.652331	2.389789	0
282.1954	0	0	0	0.481404	359.210541	0.265124	0.316266	0.228270	0.322331	221.000000	4.075499	4.175639	4.636589	1.842579	0
28.1942.14	0	1	1	0.297487	180.314133	0.533958	0.155448	0.125188	0.577060	203.000000	4.913324	4.989718	5.065029	2.348928	0
285.1986	0	0	0	0.546760	181.503036	0.267715	0.320332	0.224820	0.310720	223.000000	4.731080	4.624292	4.599965	1.813630	0
287.1961	0	0	0	0.290701	179.989853	0.210337	0.515166	0.396525	0.309510	226.000000	4.707994	4.374568	4.183720	1.815592	0
287.1986	0	0	0	0.514988	178.958908	0.491168	0.323923	0.262360	0.577481	213.000000	5.194108	5.123415	5.185053	2.777651	0
316.1962	0	1	1	0.119902	358.686523	0.471480	0.495974	0.353816	0.627391	137.000000	4.559331	4.339970	4.040424	1.537066	0
197.1956	0	0	0	0.421350	0.463561	0.295048	0.183599	0.125549	0.323741	212.000000	4.595912	4.814712	4.696551	1.611510	0
198.1996	0	1	0	0.244413	178.709473	0.390159	0.321333	0.227895	0.471728	217.000000	5.135154	4.882126	4.925877	2.472284	0
199.1955	0	1	1	0.407713	358.446350	0.552147	0.441819	0.374575	0.708438	152.000000	5.074447	4.782963	4.955846	2.720755	0
1991.2008	0	1	1	0.166938	179.125031	0.248638	0.166751	0.099178	0.272723	153.000000	4.478923	4.496443	4.346347	1.454050	0
288.1976	0	1	0	0.110428	179.588120	0.353859	0.484819	0.335140	0.462471	222.000000	4.971293	4.880092	4.617155	2.123108	0
32.1957	0	0	0	0.131725	1.277502	0.356489	0.242889	0.212712	0.412307	236.000000	4.848499	4.534045	4.593661	2.024361	0
29.1935	0	1	0	0.265898	179.480728	0.527831	0.230397	0.247426	0.585510	211.000000	5.215843	5.284934	5.261113	2.662399	0
29.1954	0	0	0	0.269800	178.490585	0.308315	0.214241	0.128861	0.345799	155.000000	4.627443	4.625356	4.561745	1.595513	0
29.1956	0	0	0	0.218966	0.237530	0.374235	0.212024	0.130405	0.419241	184.000000	4.976056	4.968385	4.684264	2.090322	0
291.1976	0	1	1	0.262924	359.103900	0.632553	0.121503	0.186217	0.672243	236.000000	4.643212	4.640258	4.934363	2.497959	0
320.1950	0	0	0	0.126174	181.077835	0.375126	0.360030	0.249131	0.452746	211.000000	5.143707	5.036090	4.954221	2.205204	0
320.1999	0	0	0	0.123002	1.059540	0.398382	0.383601	0.253686	0.486789	226.000000	4.129225	4.037704	3.878948	1.391752	0
292.1965	0	0	0	0.231984	0.934378	0.410756	0.191002	0.121246	0.451775	183.000000	4.945869	4.815678	4.847884	2.117939	0
323.1999	0	1	1	0.144486	178.839478	0.629980	0.327503	0.317186	0.739999	115.000000	4.373690	4.347038	4.728224	2.140081	0
12.1949	0	0	0	0.436891	359.997070	0.455652	0.223131	0.165569	0.514350	235.000000	4.978760	4.960570	4.975887	2.340484	0
33.1954	0	0	0	0.336412	0.155984	0.380883	0.467868	0.386752	0.498864	208.000000	4.860338	4.881400	4.712399	2.440360	0
295.1983	0	1	0	0.198462	0.874861	0.331815	0.382393	0.262822	0.414724	171.000000	5.135450	4.815789	4.640616	2.337728	0
337.1989	0	0	0	0.446124	180.721436	0.247331	0.396533	0.249191	0.308284	109.000000	3.144625	3.267161	3.406659	0.527157	0
299.1997	0	0	0	0.590885	178.568436	0.490843	0.500811	0.425019	0.646179	150.000000	5.139372	5.253815	5.192618	3.035792	0
2.1949	0	0	0	0.219074	180.044739	0.160279	0.163954	0.093394	0.176408	99.000000	3.797255	3.838520	3.730647	0.930920	0
2.1954	0	1	0	0.333451	179.230865	0.549746	0.186866	0.163214	0.608447	213.000000	5.182398	5.199691	5.230656	2.948270	0
2.1996	0	0	0	0.569428	359.864500	0.133555	0.270222	0.156663	0.154669	18.000000	2.451870	2.661939	2.508613	0.659668	0
3.1954	0	1	0	0.264000	178.763336	0.578620	0.255727	0.237800	0.661092	190.000000	5.090288	5.154008	5.217356	3.155695	0
3.1965	0	0	0	0.514001	1.129951	0.746404	0.144849	0.154628	0.793090	181.000000	3.873359	3.886817	3.794100	1.634120	0
3.1967	0	0	0	0.409912	358.879181	0.136839	0.355316	0.228416	0.172346	98.000000	4.140697	3.195261	3.057092	0.843253	0
342.1955	0	1	1	0.314316	179.392900	0.618379	0.257373	0.256188	0.706800	167.000000	5.103271	5.004186	5.064206	3.093843	0
3.2014	0	0	0	0.209576	180.254425	0.581977	0.229835	0.177213	0.645100	202.000000	5.068957	5.222659	5.181606	2.829094	0
343.1985	0	1	0	0.146689	179.189438	0.552696	0.443592	0.371874	0.709320	89.000000	4.029135	4.049335	4.893169	2.137683	0
344.1942	0	0	0	0.252260	179.630783	0.318380	0.423250	0.312057	0.419352	208.000000	5.247608	5.057399	4.708996	2.652054	0
200.1996	0	1	0	0.365452	178.440826	0.516276	0.101617	0.075688	0.541149	191.000000	5.264077	5.250617	5.246522	2.534566	0
201.1996	0	1	0	0.148061	359.405182	0.919185	0.032724	0.225644	0.936157	30.000000	3.400667	3.430951	3.527459	1.933156	0
203.2018	0	0	0	0.286119	359.955900	0.581353	0.573921	0.570601	0.811421	84.000000	4.855368	4.851864	4.897961	2.698753	0
300.1975	0	1	1	0.120342	359.271900	0.426021	0.503033	0.364606	0.569682	190.000000	4.876189	4.939293	4.676119	2.265431	0
348.1941	0	0	0	0.243025	181.267624	0.498462	0.163704	0.148754	0.536452	237.000000	4.861299	4.839993	4.992033	2.661294	0
31.1954	0	0	0	0.145304	359.730682	0.694680	0.103228	0.141271	0.734922	146.000000	4.408361	4.408445	4.352852	1.734549	0
311.2004	0	1	0	0.171503	181.169968	0.246222	0.262996	0.163537	0.286200	147.000000	4.674454	4.554099	4.331710	1.469084	0
424.1974	0	0	0	0.182467	179.891418	0.493816	0.216668	0.179673	0.551039	226.000000	5.281091	5.254360	5.156051	2.575304	0
366.1991.5	0	1	1	0.200635	179.857513	0.827590	0.073967	0.164368	0.856119	132.000000	4.177272	4.270456	4.562068	2.400918	0
350.1985	0	1	1	0.382540	179.415558	0.424382	0.255659	0.174917	0.461439	225.000000	4.973541	4.932054	4.623569	2.024784	0
424.1980	0	1	1	0.180753	180.564529	0.523570	0.509874	0.557712	0.655374	3.000000	4.532027	4.395342	3.677012	2.642981	0
366.1991.9	0	1	1	0.200635	179.857513	0.827590	0.073967	0.164368	0.856119	132.000000	4.177272	4.270456	4.562068	2.400918	0
430.1983	0	0	0	0.234563	0.759734	0.277514	0.516915	0.393812	0.372335	231.000000	4.818663	4.652510	3.738248	1.369695	0
440.1994	0	0	0	0.247028	1.203824	0.313794	0.211204	0.123216	0.349489	160.000000	4.756517	4.642398	4.513290	1.522262	0
370.1960	0	0	0	0.246793	1.024690	0.565590	0.103941	0.075980	0.595589	105.000000	4.554544	4.452299	4.280390	1.792377	0
449.1994	0	1	1	0.549228	181.564453	0.292598	0.171175	0.105176	0.328447	179.000000	3.908520	3.924137	4.064091	0.925615	0
45.1997.a-u	0	0	0	0.124893	179.733963	0.798259	0.135097	0.185786	0.854003	96.000000	4.047697	4.208606	4.247294	2.181422	0
372.1965	0	0	0	0.374852	1.380097	0.422229	0.062838	0.037926	0.437466	198.000000	4.686774	4.808715	4.801144	1.761571	0
372.1991	0	1	1	0.107676	0.753069	0.611584	0.338545	0.331835	0.734313	141.000000	4.454714	4.959510	4.911591	2.217002	0
451.1982	0	0	0	0.126933	180.813126	0.611282	0.220600	0.246013	0.667599	218.000000	4.333972	4.213222	4.105294	1.457085	0
373.1965	0	0	0	0.165072	178.873123	0.593014	0.099040	0.090932	0.613887	213.000000	5.170213	5.185589	5.289602	2.635280	0
207.1982	0	0	0	0.594024	0.399202	0.427881	0.393487	0.289869	0.530667	239.000000	5.276304	4.786455	4.789163	2.551868	0
207.1992	0	1	0	0.251028	0.988541	0.536982	0.310820	0.228751	0.637842	101.000000	4.592597	4.466349	4.819431	2.531415	0
207.2007.5	0	0	0	0.207696	179.816376	0.553636	0.205660	0.163584	0.618413	158.000000	4.510414	4.402482	4.743927	2.253448	0
454.1964	0	1	1	0.270675	178.544281	0.493350	0.187743	0.134517	0.546037	197.000000	4.985043	4.875586	4.802031	2.531393	0
208.2008	0	0	0	0.052545	180.313171	0.214006	0.387661	0.241201	0.265598	26.000000	3.129262	3.126379	3.059452	0.135861	0
459.2007	0	0	0	0.185212	179.607925	0.610214	0.318375	0.315984	0.717726	194.000000	4.953055	5.016719	5.147695	3.172496	0
209.2007.2a-b	0	0	0	0.234754	359.853058	0.631603	0.139028	0.149050	0.679732	166.000000	4.528570	4.413662	4.466237	2.164667	0
468.1937	0	0	0	0.292105	0.991557	0.347795	0.352861	0.254105	0.420502	213.000000	5.205851	5.036727	5.001583	2.554358	0
353.1997.a-b	0	0	0	0.345447	180.617233	0.612393	0.219117	0.209829	0.678774	187.000000	4.714956	4.831486	4.885344	2.872891	0
210.1972	0	1	1	0.154160	180.256470	0.516031	0.416495	0.384194	0.648351	155.000000	5.155009	5.156615	4.857107	2.833806	0
2106.1967	0	0	0	0.141360	358.650700	0.334638	0.418366	0.277414	0.426167	160.000000	5.011299	4.934330	4.525976	1.805271	0
211.2018.a-c	0	0	0	0.119721	179.941025	0.609287	0.425942	0.413096	0.781031	74.000000	4.696370	4.914175	5.101094	2.834698	0
468.1941	0	0	0	0.135007	179.259155	0.391341	0.298766	0.200579	0.457107	210.000000	4.973299	4.905645	4.740500	2.009912	0
212.1972	0	0	0	0.219955	181.479660	0.432001	0.436823	0.366839	0.565053	225.000000	5.373334	5.320439	5.107094	2.984704	0
468.1996	0	1	1	0.279604	1.362799	0.885910	0.057292	0.229231	0.913617	44.000000	2.683448	2.661826	3.643224	1.422946	0
359.1980	0	0	0	0.112454	179.016068	0.834160	0.061749	0.160608	0.860626	80.000000	3.118722	2.892382	3.086980	1.257144	0
359.1990.a-d	0	0	0	0.169680	179.984161	0.730424	0.068400	0.119921	0.748434	195.000000	4.409001	4.432208	4.568417	2.403057	0
359.1997	0	0	0	0.439614	0.239431	0.792152	0.133048	0.262749	0.846556	64.000000	4.459150	4.614050	4.840340	2.926582	0
362.1990	0	1	1	0.201373	178.586212	0.605963	0.170494	0.257691	0.654712	57.000000	5.102709	5.158697	5.220178	3.004369	0
475.1996	0	1	0	0.159376	1.420136	0.793415	0.086515	0.155697	0.828822	114.000000	4.181510	4.447279	4.531541	2.243967	0
373.1975	0	1	1	0.361726	0.139157	0.631540	0.274568	0.303218	0.735571	150.000000	5.025796	4.878932	4.846099	3.145503	0
362.1991	0	1	1	0.048600	0.055617	0.339343	0.468410	0.352923	0.427861	235.000000	4.647499	4.155015	4.169259	1.790596	0
373.1991.a-c	0	0	0	0.304430	0.422455	0.313526	0.432683	0.321637	0.419197	221.000000	5.099974	4.890493	4.402480	1.892686	0
363.1990	0	1	0	0.019783	359.193200	0.420644	0.000870	0.000439	0.420828	13.000000	2.128153	2.142450	2.130544	0.110909	0
374.1955	0	1	1	0.244459	179.094400	0.723420	0.343964	0.430227	0.868416	52.000000	3.703303	4.250676	4.047166	2.201817	0
363.1991	0	1	1	0.814405	359.483673	0.522812	0.323754	0.270524	0.628791	187.000000	4.764411	4.669096	4.692171	1.897689	0
374.1961	0	0	0	0.208192	179.389984	0.439280	0.428539	0.356638	0.562499	224.000000	5.295096	5.020721	5.164924	2.847125	0
213.1953	0	1	0	0.289058	359.104300	0.579309	0.359471	0.294471	0.708834	121.000000	4.015110	4.411765	4.602238	2.075482	0
213.1982	0	0	0	0.108312	358.651100	0.691044	0.162336	0.216479	0.747503	177.000000	4.555697	4.648290	4.804386	1.931121	0
213.2006.10	0	1	1	0.228271	179.494200	0.443914	0.096902	0.056044	0.466437	181.000000	4.743915	4.728615	4.773294	1.742281	0
213.2006.11	0	1	1	0.178085	178.761400	0.533317	0.101268	0.071269	0.559971	167.000000	4.983021	5.014335	5.068747	2.241065	0
213.2006.12	0	1	1	0.277722	179.228424	0.595983	0.066445	0.061248	0.616555	192.000000	4.964442	4.967567	4.958372	2.315694	0
48.1952	0	0	0	0.225758	1.299846	0.564778	0.141240	0.141679	0.608058	199.000000	4.964118	4.905411	4.940144	2.292617	0
480.1953	0	0	0	0.246520	1.323196	0.250429	0.334926	0.220820	0.311242	183.000000	4.839835	4.663795	4.119087	1.624305	0
364.1990	0	1	1	0.282449	179.316208	0.544513	0.266551	0.229359	0.624254	190.000000	5.181159	5.043143	4.954746	2.913177	0
505.2015	0	0	0	0.485337	0.546577	0.323112	0.453962	0.312882	0.428614	207.000000	4.957366	3.969694	4.297236	1.462565	0
486.1941	0	1	1	0.217036	0.711194	0.698049	0.229448	0.238727	0.779485	222.000000	3.971906	3.876383	3.871644	1.953052	0
506.1964	0	1	1	0.195771	180.104300	0.351133	0.092019	0.061035	0.369305	241.000000	4.882180	4.835689	4.789521	1.714346	0
49.1952	0	0	0	0.134684	1.408124	0.423798	0.382979	0.273836	0.530107	205.000000	5.140502	5.067742	4.703347	2.332784	0
365.1991	0	1	1	0.529215	180.845400	0.518626	0.076001	0.062743	0.538760	178.000000	4.940839	4.895676	4.920068	2.159034	0
507.1964	0	1	1	0.242048	0.781416	0.392383	0.149008	0.101101	0.420787	236.000000	5.087090	5.080689	5.116698	2.182612	0
495.1969.a-c	0	0	0	0.172020	359.611450	0.822653	0.052591	0.131052	0.838181	229.000000	3.393578	3.396193	3.543247	1.520146	0
366.1991.13	0	1	1	0.200635	179.857513	0.827590	0.073967	0.164368	0.856119	132.000000	4.177272	4.270456	4.562068	2.400918	0
366.1991.16	0	1	1	0.200635	179.857513	0.827590	0.073967	0.164368	0.856119	132.000000	4.177272	4.270456	4.562068	2.400918	0
366.1991.23	0	1	1	0.200635	179.857513	0.827590	0.073967	0.164368	0.856119	132.000000	4.177272	4.270456	4.562068	2.400918	0
507.1970	0	0	0	0.103480	358.965400	0.670660	0.236873	0.271744	0.761986	93.000000	3.065551	3.050684	3.386160	0.942874	0
366.1991.25	0	1	1	0.200635	179.857513	0.827590	0.073967	0.164368	0.856119	132.000000	4.177272	4.270456	4.562068	2.400918	0
507.1984	0	0	0	0.190108	178.610184	0.568855	0.115516	0.116824	0.603008	226.000000	4.753874	4.803050	4.866846	2.317842	0
498.1941	0	0	0	0.088438	178.846008	0.659247	0.114888	0.113858	0.698053	170.000000	4.556366	4.679153	4.763464	2.137210	0
366.1991.27	0	1	1	0.200635	179.857513	0.827590	0.073967	0.164368	0.856119	132.000000	4.177272	4.270456	4.562068	2.400918	0
498.1984.a-b	0	0	0	0.375877	181.085464	0.538837	0.307490	0.321148	0.627356	161.000000	5.076820	5.192263	5.059556	3.082269	0
578.1943	0	0	0	0.256055	179.449524	0.490989	0.126201	0.080986	0.520063	214.000000	4.724579	4.784333	4.899762	1.999425	0
508.1998	0	1	0	0.307650	179.648010	0.620052	0.271962	0.283911	0.714843	153.000000	5.105607	5.172580	5.296720	3.427646	0
509.1998	0	1	0	0.332952	179.216827	0.583188	0.212294	0.247703	0.663330	88.000000	5.225009	5.196968	5.309761	3.108440	0
510.1951	0	0	0	0.288559	1.560480	0.371599	0.227740	0.177548	0.428318	219.000000	5.045367	4.928273	4.748488	2.091695	0
498.2017	0	0	0	0.116752	0.564135	0.878902	0.118440	0.462244	0.934600	33.000000	2.776147	3.034190	3.363095	0.907124	0
513.1978.a-c	0	1	0	0.445724	181.054900	0.481500	0.158970	0.113618	0.523330	204.000000	5.069514	5.071174	5.072273	2.630487	0
499.1970.a-c	0	0	0	0.413193	179.358246	0.532699	0.256480	0.240081	0.616473	222.000000	4.427920	4.323873	4.606241	2.216783	0
499.1984	0	1	0	0.278855	0.315649	0.572610	0.457711	0.461773	0.745071	129.000000	4.507536	4.773462	4.665616	2.643932	0
520.1987	0	0	0	0.353478	1.312851	0.452921	0.378660	0.396200	0.533192	28.000000	5.458487	5.403755	5.318768	3.070001	0
50.1934	0	0	0	0.243942	179.996841	0.253048	0.306510	0.201307	0.313726	150.000000	4.759191	4.423134	3.840702	1.403741	0
50.2011.1-9	0	0	0	0.252729	359.136719	0.769382	0.064565	0.081146	0.791851	120.000000	4.589961	4.687137	4.764257	2.477410	0
585.1998	0	0	0	0.232239	1.243968	0.561629	0.304615	0.276459	0.671339	159.000000	4.785083	4.552567	4.639279	2.388913	0
502.1941	0	1	0	0.307052	179.807739	0.450019	0.156567	0.116284	0.482708	217.000000	5.320043	5.292941	5.203555	2.493889	0
586.1998	0	1	0	0.381639	179.022446	0.292468	0.330431	0.208756	0.352834	181.000000	4.959262	4.790763	4.598627	1.784428	0
503.2015	0	0	0	0.094998	179.649261	0.688448	0.257188	0.322175	0.789051	54.000000	3.790653	4.069913	4.323761	1.482389	0
587.1967.a-gg	0	1	0	0.154630	358.993000	0.709051	0.194817	0.269124	0.779075	159.000000	3.725738	3.871888	4.009615	1.664824	0
503.2017	0	0	0	0.649222	1.475847	0.768832	0.068633	0.105856	0.792766	112.000000	4.176693	4.180793	4.254263	1.890233	0
587.1998	0	1	1	0.320695	179.624832	0.185006	0.230692	0.138266	0.214034	116.000000	4.115417	4.151463	4.076023	1.044245	0
588.1967	0	0	0	0.524992	0.104093	0.433780	0.392185	0.302243	0.544795	225.000000	4.388871	4.123984	4.435046	2.167175	0
524.1998	0	1	0	0.099256	359.540344	0.458575	0.345361	0.314600	0.553582	220.000000	4.709736	4.850974	4.691416	2.220242	0
589.1967	0	0	0	0.291988	179.835388	0.357191	0.393967	0.284415	0.448098	223.000000	5.289053	5.028995	4.939199	2.620922	0
528.1941	0	0	0	0.098276	180.426910	0.360493	0.619038	0.475226	0.513627	237.000000	4.709699	4.599961	4.200531	1.742741	0
528.1998	0	0	0	0.259633	1.365746	0.394510	0.345931	0.239298	0.484995	162.000000	5.132040	4.981352	4.741579	2.648871	0
529.1998	0	0	0	0.094687	179.994781	0.347830	0.274805	0.167531	0.402132	185.000000	4.528865	4.413605	4.360443	1.589724	0
534.1971	0	0	0	0.170204	178.675522	0.593178	0.190926	0.208148	0.656499	205.000000	4.971513	4.958615	4.893372	2.569794	0
536.2013.2	0	0	0	0.208461	180.605255	0.502668	0.161523	0.120422	0.545884	182.000000	5.002823	4.819620	4.797483	2.220307	0
537.2013	0	0	0	0.168721	180.539490	0.593354	0.171385	0.167268	0.645898	216.000000	5.155382	5.197011	5.261755	2.883529	0
538.1941	0	0	0	0.202624	359.021271	0.517085	0.296770	0.307052	0.614100	178.000000	5.363444	5.248776	5.095415	2.954330	0
599.1965	0	1	1	0.532389	180.405090	0.513670	0.453068	0.468786	0.626323	246.000000	4.363629	4.207264	4.107418	2.407041	0
541.1939	0	0	0	0.189287	178.598145	0.363371	0.230808	0.143537	0.406179	168.000000	5.023576	5.006075	4.952968	2.060650	0
504.1941	0	0	0	0.124447	0.411782	0.546732	0.432970	0.373142	0.700907	165.000000	4.493927	4.442491	4.272855	1.435681	0
548.1954	0	0	0	0.182650	0.643212	0.354224	0.298188	0.204861	0.425684	210.000000	5.233161	4.997742	4.794590	2.311255	0
6.1943	0	0	0	0.223873	359.485443	0.387000	0.443017	0.330155	0.503513	213.000000	5.299773	5.214634	5.003485	2.814911	0
551.2014	0	1	0	0.108892	359.388400	0.844382	0.066122	0.188338	0.875020	23.000000	2.746830	2.724652	2.905794	1.269954	0
557.1954	0	0	0	0.242680	178.940964	0.234182	0.408429	0.281563	0.300515	173.000000	4.867460	4.611984	4.324146	1.786088	0
504.1953	0	1	0	0.233760	1.473215	0.369597	0.371798	0.266358	0.441588	179.000000	4.971638	5.037288	5.061588	2.265778	0
558.2017	0	0	0	0.333955	180.232681	0.616205	0.138241	0.308429	0.653612	9.000000	4.226830	4.083281	3.912730	1.744823	0
559.1954	0	1	1	0.564617	1.399268	0.535442	0.164567	0.143195	0.577608	193.000000	5.271489	5.259072	5.233413	2.367923	0
600.1959	0	0	0	0.119832	180.822662	0.411271	0.252289	0.160222	0.472206	169.000000	4.838782	4.725853	4.631305	2.041776	0
605.2011	0	1	0	0.173888	359.205139	0.787868	0.066081	0.116371	0.811893	105.000000	4.467284	4.468926	4.554904	2.381322	0
504.1969	1	1	0	0.180630	0.733433	0.800561	0.054006	0.108295	0.822631	86.000000	3.936063	3.882163	4.114235	1.627482	0
607.1959	0	1	0	0.330876	359.160767	0.215719	0.039289	0.020364	0.220157	83.000000	4.230807	4.246618	4.250810	0.661675	0
377.1975	0	1	1	0.494196	0.374947	0.366326	0.231963	0.137396	0.416792	123.000000	4.564709	4.609880	4.676403	1.638131	0
607.1967	0	1	0	0.231824	1.367090	0.362157	0.367243	0.266425	0.439944	214.000000	5.071336	5.050409	4.973588	2.227133	0
608.1967	0	1	0	0.182697	0.316739	0.410837	0.472568	0.355896	0.528149	201.000000	5.040287	5.027612	4.832535	2.191835	0
608.1994	0	0	0	0.186089	178.953200	0.367716	0.266291	0.168195	0.430797	194.000000	4.871660	4.537174	4.306418	1.968122	0
611.1943	0	0	0	0.296155	178.468216	0.259520	0.340135	0.234565	0.310898	199.000000	5.031827	4.974689	4.890562	2.203336	0
612.1959	0	0	0	0.235423	178.915665	0.233357	0.393730	0.269788	0.301088	156.000000	4.858156	4.481756	4.160455	1.676300	0
505.1969	0	0	0	0.209415	0.529552	0.601397	0.331032	0.304805	0.722322	89.000000	4.346641	4.185066	4.432421	1.741495	0
628.1994	0	1	1	0.590592	0.296069	0.289401	0.148547	0.082548	0.309052	167.000000	4.705067	4.707747	4.695592	1.284036	0
616.1967	0	1	1	0.138540	180.401489	0.361008	0.327956	0.220144	0.442815	152.000000	4.457476	4.253216	4.082369	1.852851	0
632.1977	0	1	0	0.143932	358.916700	0.547794	0.180152	0.157095	0.598915	203.000000	5.196511	5.187473	5.195333	2.648588	0
633.1967	0	1	1	0.199471	180.266510	0.501784	0.144311	0.095338	0.542986	120.000000	4.561652	4.306304	4.346332	1.648310	0
563.1956	0	1	0	0.493225	0.350401	0.418281	0.351500	0.237007	0.513530	164.000000	5.012683	4.686891	4.618522	2.459019	0
62.1995	0	1	1	0.487479	179.294510	0.406156	0.070493	0.089400	0.419867	208.000000	3.270921	3.374873	3.482139	0.639902	0
564.1956	0	1	0	0.252164	178.456085	0.343756	0.621077	0.501672	0.514304	222.000000	5.187398	5.135859	4.349042	2.412955	0
564.2017	0	0	0	0.574177	179.325684	0.705482	0.087898	0.121809	0.735841	154.000000	4.895726	4.880617	4.787392	2.323571	0
570.1963	0	1	1	0.644877	359.074554	0.210572	0.268449	0.155300	0.243895	27.000000	2.508810	2.596442	2.648628	0.006124	0
571.2017	0	0	0	0.138920	180.213013	0.135419	0.260067	0.176673	0.168361	99.000000	3.826516	3.530721	3.238384	1.019830	0
572.1939	0	0	0	0.157122	179.796341	0.267023	0.199429	0.130918	0.307931	202.000000	4.736691	4.580807	4.352632	1.887676	0
572.2017	0	0	0	0.181972	180.326187	0.919567	0.047392	0.231946	0.939677	29.000000	2.856424	2.915589	3.445463	1.586612	0
622.1973	0	0	0	0.445061	0.029739	0.273665	0.452623	0.334035	0.370616	225.000000	4.626209	4.561365	4.528662	2.107082	0
574.1942	0	1	0	0.209164	179.931641	0.347016	0.283521	0.213854	0.394168	218.000000	5.227930	5.144790	5.141433	2.396302	0
624.1967	0	1	1	0.182812	0.649142	0.472341	0.142310	0.093856	0.510779	156.000000	4.905431	4.765395	4.704785	1.947874	0
575.1939	0	0	0	0.269215	179.202209	0.315921	0.348426	0.230526	0.394786	180.000000	4.953477	4.838296	4.433956	1.958405	0
575.2009.2	0	1	0	0.412484	179.151138	0.428194	0.075426	0.064861	0.440132	225.000000	4.623392	4.632556	4.606860	2.010966	0
575.2009.3	0	1	0	0.127449	180.743423	0.500806	0.048291	0.047967	0.511868	225.000000	5.339652	5.338593	5.311417	2.393070	0
695.2006	0	0	0	0.183810	178.928600	0.351119	0.387966	0.256308	0.428286	153.000000	4.528214	4.513169	4.269466	1.654505	0
696.2006	0	0	0	0.111043	181.228851	0.273087	0.444045	0.294167	0.347634	169.000000	4.582100	4.427275	4.093576	1.612387	0
697.1942	0	0	0	0.205359	179.424300	0.248407	0.235794	0.141130	0.284639	138.000000	4.599398	4.580719	4.365290	1.421293	0
697.1971	0	1	1	0.326439	0.609939	0.395957	0.116389	0.072827	0.417756	225.000000	5.072423	5.013151	4.874879	1.964483	0
638.1967	0	1	1	0.178406	179.854600	0.706497	0.067713	0.131941	0.732882	217.000000	4.075642	4.133684	4.205629	2.068588	0
628.1965	0	0	0	0.174350	359.070831	0.520828	0.642512	0.619420	0.784973	103.000000	4.543151	3.950995	4.267843	2.390966	0
64.1979	0	1	0	0.417707	1.529798	0.359630	0.182669	0.110474	0.399383	174.000000	4.790453	4.628488	4.584582	1.847806	0
380.1971	0	0	0	0.270482	0.379102	0.504459	0.471670	0.425042	0.658135	180.000000	5.255657	5.187847	5.052863	3.270365	0
79.1958	0	0	0	0.238253	179.790756	0.247715	0.285956	0.197610	0.294633	235.000000	4.803837	4.445395	4.301732	1.794751	0
79.1963	0	1	0	0.483910	359.145966	0.464877	0.538759	0.484108	0.648155	177.000000	4.650557	4.486373	4.704132	2.215341	0
79.1989	0	1	0	0.095811	179.559952	0.496104	0.394339	0.318573	0.608641	209.000000	5.115917	5.207620	5.144065	2.804460	0
384.1992.1	0	1	1	0.184360	180.230927	0.651466	0.235734	0.215920	0.726617	193.000000	4.620357	4.703098	4.683772	2.789105	0
645.1942	0	0	0	0.249829	179.435165	0.321024	0.339420	0.222874	0.393449	172.000000	5.008970	4.645704	4.567092	2.077029	0
7.1951	0	0	0	0.334536	359.946500	0.516242	0.175823	0.149684	0.574456	199.000000	5.091946	5.047887	4.901540	2.476807	0
7.1968	0	1	1	0.131113	359.995117	0.448718	0.199556	0.152633	0.495959	225.000000	5.297996	5.258478	5.187078	2.442704	0
384.1992.7	0	1	1	0.177536	179.966600	0.742534	0.136725	0.171964	0.793364	112.000000	4.695051	4.652742	4.885849	2.784948	0
646.1939	0	0	0	0.308059	180.127869	0.296671	0.215506	0.123349	0.331702	120.000000	4.590961	4.592266	4.586098	1.410110	0
792.2017	0	0	0	0.515252	180.655014	0.231221	0.085242	0.045718	0.243327	66.000000	3.426942	3.066445	2.828722	0.153364	0
646.1967	0	1	0	0.271145	1.149878	0.712975	0.189757	0.276794	0.790433	120.000000	4.481828	4.656512	4.705236	2.567763	0
384.2010	0	0	0	0.162190	180.389328	0.870115	0.017276	0.058405	0.877783	110.000000	4.058459	4.045454	4.055346	2.006235	0
385.1992	0	0	0	0.131475	180.319100	0.553929	0.375975	0.307587	0.671597	203.000000	4.831706	4.985603	4.896771	2.548761	0
794.2016	0	0	0	0.487836	181.052551	0.911415	0.079347	0.434781	0.948703	6.000000	3.545057	3.114517	3.071769	1.440529	0
795.1995	0	1	0	0.129593	180.696976	0.367494	0.462095	0.368329	0.486081	235.000000	5.145936	5.088474	4.622262	2.205126	0
715.2005	0	1	1	0.575117	359.676971	0.479135	0.038024	0.025699	0.486813	197.000000	4.694472	4.602430	4.619233	1.579059	0
65.1961	0	0	0	0.458189	359.822571	0.250640	0.320327	0.214911	0.296802	222.000000	4.351526	4.257054	4.140931	1.875078	0
387.2010	0	0	0	0.317972	179.695984	0.467268	0.166915	0.128985	0.507641	242.000000	5.384257	5.376712	5.354652	2.832417	0
650.1997	0	0	0	0.435066	178.662781	0.283382	0.636904	0.469969	0.414173	43.000000	3.098175	2.978930	2.742823	0.693059	0
389.1961	1	1	1	0.189933	0.230617	0.291403	0.349487	0.221779	0.354238	33.000000	3.257370	3.357987	3.621782	1.197242	0
798.2016	0	1	0	0.280502	179.679871	0.705121	0.046241	0.245947	0.724315	213.000000	3.545262	3.594248	3.574103	1.658240	0
66.1979	0	1	0	0.393206	179.691422	0.246578	0.159581	0.088797	0.269261	78.000000	3.388680	3.907542	3.872509	0.142283	0
662.1939	0	0	0	0.438227	1.068294	0.267454	0.359876	0.274997	0.334112	225.000000	4.996577	4.853076	4.856442	2.208777	0
390.1970	0	1	0	0.112582	359.804169	0.375290	0.259705	0.165003	0.434891	205.000000	4.959848	4.918589	4.879439	2.006173	0
722.1976	0	1	1	0.362913	178.846191	0.214002	0.211448	0.140871	0.245354	209.000000	4.468492	4.440736	3.967017	1.557560	0
666.1990	0	1	0	0.078640	178.598053	0.517301	0.428415	0.306638	0.662554	97.000000	3.365931	3.146750	3.552776	1.144499	0
672.2005	0	0	0	0.580514	0.781200	0.500875	0.027299	0.015051	0.507859	117.000000	3.350182	3.348212	3.431978	0.488378	0
675.1990	0	1	0	0.166111	1.301422	0.550865	0.198003	0.149804	0.611179	140.000000	4.834296	4.904039	4.923264	2.251163	0
8.1956	0	0	0	0.232770	179.706177	0.731596	0.198130	0.279587	0.812061	91.000000	4.853368	4.986728	5.113163	3.345340	0
687.1990	0	1	0	0.168483	1.256023	0.365245	0.452260	0.360266	0.509054	224.000000	4.911298	4.724219	4.375800	1.727035	0
391.1941	0	1	0	0.159955	181.331400	0.389884	0.242547	0.151171	0.443310	191.000000	4.833809	4.825987	4.753744	2.035297	0
688.1949	0	0	0	0.151869	358.458527	0.401779	0.381004	0.254957	0.489503	219.000000	4.857493	4.824212	4.756035	2.028192	0
391.1986	0	0	0	0.111040	180.404221	0.426826	0.376099	0.289522	0.533148	213.000000	5.232531	5.112647	4.853714	2.410901	0
802.2005	0	1	0	0.098457	0.185071	0.454563	0.196134	0.122758	0.503009	150.000000	4.600258	4.600669	4.475272	1.800409	0
689.1980	0	1	1	0.438587	1.549759	0.639039	0.213382	0.228515	0.719142	143.000000	4.795757	4.775913	4.860739	2.652185	0
391.2010	0	0	0	0.507812	180.008800	0.199695	0.080881	0.047586	0.209143	169.000000	2.955105	3.008162	3.143244	0.641569	0
728.1966	0	0	0	0.266071	358.688900	0.433102	0.377438	0.262157	0.536531	110.000000	4.521830	4.448190	4.526252	1.905437	0
877.2016	0	0	0	0.564710	359.524628	0.405955	0.184800	0.118820	0.435731	235.000000	3.773513	3.819414	4.030641	1.147907	0
